---------------------
  #    meV     cm^-1
---------------------
  0      2.69     21.72
  1      5.65     45.54
  2     10.24     82.55
  3     12.05     97.17
  4     16.58    133.71
  5     23.95    193.15
  6     26.76    215.84
  7     40.45    326.24
  8     67.33    543.08
  9     83.19    670.97
 10    122.96    991.71
 11    128.84    1039.14
 12    132.40    1067.90
 13    146.64    1182.71
 14    146.78    1183.83
 15    163.33    1317.31
 16    168.04    1355.35
 17    173.15    1396.58
 18    206.03    1661.76
 19    347.36    2801.64
 20    348.76    2812.96
 21    359.47    2899.29
 22    466.30    3760.96
---------------------
Zero-point energy: 1.599471 eV
