---------------------
  #    meV     cm^-1
---------------------
  0      6.55     52.81
  1     10.42     84.06
  2     15.18    122.43
  3     19.63    158.32
  4     62.69    505.67
  5     85.69    691.10
  6    115.57    932.15
  7    131.52    1060.78
  8    134.47    1084.55
  9    162.17    1307.97
 10    170.09    1371.87
 11    172.33    1389.91
 12    174.27    1405.60
 13    205.76    1659.58
 14    357.84    2886.15
 15    363.87    2934.78
 16    370.49    2988.19
 17    381.56    3077.48
---------------------
Zero-point energy: 1.47005 eV
