---------------------
  #    meV     cm^-1
---------------------
  0      4.57     36.89
  1     10.05     81.06
  2     21.56    173.88
  3     27.02    217.96
  4     31.27    252.22
  5     37.32    301.01
  6     57.09    460.48
  7     95.96    773.96
  8    106.00    854.98
  9    124.94    1007.72
 10    133.15    1073.92
 11    138.54    1117.43
 12    155.41    1253.45
 13    164.87    1329.75
 14    167.39    1350.07
 15    176.83    1426.19
 16    177.76    1433.70
 17    180.48    1455.63
 18    364.65    2941.13
 19    366.86    2958.90
 20    369.29    2978.49
 21    376.40    3035.89
 22    377.29    3043.08
---------------------
Zero-point energy: 1.832356 eV
