---------------------
  #    meV     cm^-1
---------------------
  0      5.79     46.74
  1     14.77    119.15
  2     19.80    159.72
  3     28.46    229.53
  4     30.29    244.28
  5     65.72    530.09
  6     86.10    694.46
  7     99.77    804.73
  8    115.35    930.33
  9    115.67    932.95
 10    139.85    1127.96
 11    159.85    1289.28
 12    169.05    1363.47
 13    199.04    1605.34
 14    376.97    3040.47
 15    382.09    3081.76
 16    395.02    3186.09
---------------------
Zero-point energy: 1.201804 eV
